@jamieoliver: united_kingdom 4379 7010997 25250 51.5073509 -0.1277583 18639
@BBCNews: united_kingdom 99 9143730 344218 51.5073509 -0.1277583 36
@themichaelowen: united_kingdom 790 3860222 13051 0 0 592
@Wimbledon: united_kingdom 368 3481205 23408 51.41833889999999 -0.2206288 3496
@BritishVogue: united_kingdom 1704 3597346 283455 51.5073509 -0.1277583 634
@SoVeryBritish: united_kingdom 1 3460248 3473 0 0 1584
@wossy: united_kingdom 8469 5406866 24660 51.5073509 -0.1277583 407
@ManUtd: united_kingdom 105 16922866 43487 53.4807593 -2.2426305 1107
@jimmycarr: united_kingdom 321 6951334 3563 0 0 4
@hollywills: united_kingdom 280 7467313 6174 51.5073509 -0.1277583 105
@ollyofficial: united_kingdom 2983 7861443 19723 0 0 4298
@IanMcKellen: united_kingdom 637 3846405 1896 51.5073509 -0.1277583 128
@TheVampsband: united_kingdom 48232 4241969 21982 0 0 8961
@Caradelevingne: united_kingdom 1046 10249059 7396 51.5073509 -0.1277583 34
@PaulMcCartney: united_kingdom 16 3794738 4224 52.3555177 -1.1743197 8
@richardbranson: united_kingdom 3848 12111329 19045 0 0 0
@rickygervais: united_kingdom 1224 12982855 47409 34.2331373 -102.4107493 35475
@WayneRooney: united_kingdom 444 16969232 2244 0 0 820
@ChelseaFC: united_kingdom 261 11488835 77528 51.5073509 -0.1277583 14165
@ceracoat: united_kingdom 1448 3462370 3974 47.3768866 8.541694 283
@elliegoulding: united_kingdom 570 7355126 18962 0 0 25
@Slash: united_kingdom 713 3751241 9564 34.0522342 -118.2436849 2424
@CalvinHarris: united_kingdom 3538 13283835 673 0 0 4792
@Joe_Sugg: united_kingdom 2647 5534543 21791 51.5073509 -0.1277583 11032
@michkeegan: united_kingdom 486 3739783 10685 0 0 111
@simonpegg: united_kingdom 0 6530902 15886 34.2331373 -102.4107493 249
@coldplay: united_kingdom 1515 25490941 7235 38.3986939 -82.468766 868
@SkyNews: united_kingdom 12 4488896 279201 51.5073509 -0.1277583 13
@RoyalFamily: united_kingdom 515 3446869 27090 55.378051 -3.435973 390
@GordonRamsay: united_kingdom 34216 6504781 20202 0 0 213
@JessieJ: united_kingdom 125 9057888 20411 0 0 728
@JeremyClarkson: united_kingdom 179 7162094 5763 0 0 244
@GemmaAnneStyles: united_kingdom 850 3557943 8972 51.5073509 -0.1277583 3063
@JohnCleese: united_kingdom 196 5738737 4581 51.5073509 -0.1277583 397
@KSIOlajidebt: united_kingdom 655 3921952 318 0 0 251
@piersmorgan: united_kingdom 1618 6335205 110961 51.5570303 -0.05384949999999999 8
@EmmaWatson: united_kingdom 383 28329978 1613 0 0 1003
@iamjohnoliver: united_kingdom 102 4768056 361 40.7127753 -74.0059728 0
@SkySportsNews: united_kingdom 102 5829892 68920 52.3555177 -1.1743197 285
@GNev2: united_kingdom 674 3915977 12204 0 0 1144
@ChrisMoyles: united_kingdom 199 3959075 12560 51.5073509 -0.1277583 302
@CherylOfficial: united_kingdom 952 6411472 6512 0 0 116
@premierleague: united_kingdom 77 17098230 88018 0 0 915
@GaryBarlow: united_kingdom 4113 4486881 13177 0 0 51
@MarcusButler: united_kingdom 494 3562421 18020 0 0 20937
@lemontwittor: united_kingdom 3302 3695411 69624 0 0 157
@JohnBishop100: united_kingdom 493 3703264 9520 0 0 3680
@LFC: united_kingdom 385677 9574807 68733 53.4308294 -2.96083 5264
@Zoella: united_kingdom 527 12657557 42110 0 0 19016
@guardian: united_kingdom 1109 7010749 407377 51.5073509 -0.1277583 153
@AlanCarr: united_kingdom 708 5266036 16048 0 0 566
@Tate: united_kingdom 1225 4763595 14345 51.51875159999999 -0.0814374 5480
@Harry_Styles: united_kingdom 2043 31660956 5404 0 0 77
@rustyrockets: united_kingdom 366 12285175 10374 0 0 386
@rioferdy5: united_kingdom 568 9933287 18204 51.501765 -0.08342999999999999 1146
@Number10gov: united_kingdom 787 5506395 11972 51.5033635 -0.1276248 1720
@JoeyEssex_: united_kingdom 394 3592294 23243 0 0 4962
@SkySportsPL: united_kingdom 832 3613040 130862 51.5073509 -0.1277583 256
@zaynmalik: united_kingdom 2259 26407405 3416 34.0522342 -118.2436849 378
@victoriabeckham: united_kingdom 56 13060836 3371 51.5073509 -0.1277583 101
@jackwhitehall: united_kingdom 681 5896967 9078 0 0 100
@Louis_Tomlinson: united_kingdom 3826 32364379 6388 53.52282 -1.128462 207
@Adele: united_kingdom 156 28943388 301 51.5073509 -0.1277583 0
@SkySports: united_kingdom 506 4665636 158344 51.566937 -0.1144864 42
@andy_murray: united_kingdom 136 3718554 2836 51.5073509 -0.1277583 12
@danielhowell: united_kingdom 759 7691299 16215 51.5073509 -0.1277583 2530
@ManCity: united_kingdom 54788 5730509 108637 53.48313810000001 -2.2003953 8068
@LittleMix: united_kingdom 30816 11244650 30170 55.378051 -3.435973 5145
@lilyallen: united_kingdom 2051 5943950 28355 51.5073509 -0.1277583 3427
@SimonCowell: united_kingdom 2756 12618170 1854 0 0 26
@Camila_Cabello: united_kingdom 16745 5897046 11327 0 0 19588
@stephenfry: united_kingdom 50415 13040146 22632 33.9415889 -118.40853 384
@BBCWorld: united_kingdom 85 22437100 272125 51.5073509 -0.1277583 9
@LewisHamilton: united_kingdom 824 5257029 11 28.0792825 -80.67597459999999 892
@thebeatles: united_kingdom 366317 3621513 2695 0 0 25
@PointlessBlog: united_kingdom 353 5604347 19611 0 0 43005
@TheXFactor: united_kingdom 26052 7144998 36326 55.378051 -3.435973 7325
@jk_rowling: united_kingdom 550 13975866 9630 56.49067119999999 -4.2026458 19008
@antanddec: united_kingdom 661 6765452 13948 55.378051 -3.435973 299
@GaryLineker: united_kingdom 919 6883066 25465 0 0 705
@JKCorden: united_kingdom 2182 10199253 11078 34.0522342 -118.2436849 124
@CherLloyd: united_kingdom 11190 7642348 5860 0 0 581
@Lord_Sugar: united_kingdom 2122 5449204 44995 0 0 144
@FinancialTimes: united_kingdom 819 5970242 217938 51.5073509 -0.1277583 9
@GarethBale11: united_kingdom 113 16184936 1322 0 0 46
@BBCBreaking: united_kingdom 3 36792977 33775 51.5073509 -0.1277583 0
@eddieizzard: united_kingdom 618 4766641 8089 34.2331373 -102.4107493 34
@Arsenal: united_kingdom 157334 12859109 77882 51.5073509 -0.1277583 3691
@LiamPayne: united_kingdom 16534 31425102 10045 55.378051 -3.435973 865
@Reuters: united_kingdom 1067 19310795 240737 40.7526431 -73.9888854 810
@Schofe: united_kingdom 12758 4468025 33121 51.5237 -0.144783 60
@edsheeran: united_kingdom 0 20397576 29301 51.5073509 -0.1277583 14
@onedirection: united_kingdom 3911 31794978 9899 51.5073509 -0.1277583 301
@DesignMuseum: united_kingdom 2380 4358187 15532 51.5073509 -0.1277583 10603
@RitaOra: united_kingdom 1738 6717872 11577 51.5073509 -0.1277583 9599
@samsmithworld: united_kingdom 1296 6404969 13144 52.3555177 -1.1743197 34879
@JoshDevineDrums: united_kingdom 11201 3664697 10914 34.0522342 -118.2436849 2204
@BBCSport: united_kingdom 280 7192572 317253 53.47409219999999 -2.2975979 277
@officialtulisa: united_kingdom 2463 3545903 8707 51.5073509 -0.1277583 318
@Fearnecotton: united_kingdom 574 7475801 19914 51.5073509 -0.1277583 2059
