@Andre_Schuerrle: germany 154 1952790 1285 0 0 500
@Manuel_Neuer: germany 48 4038738 157 0 0 8
@matshummels: germany 157 1994920 1078 48.1351253 11.5819805 486
@iBlali: germany 264 1517223 12509 50.937531 6.9602786 6651
@s04: germany 46 698304 43754 51.517744 7.085717199999999 7055
@smashingmag: germany 1871 1030381 69068 47.9990077 7.842104299999999 1772
@ConCrafter: germany 37 827537 130 0 0 4908
@dieternuhr: germany 29 843348 2688 51.2964148 6.8401844 0
@HulkHulkenberg: germany 46 743855 952 0 0 246
@FCBayernEN: germany 34 851625 35974 0 0 1144
@ProSieben: germany 28029 1988400 62700 36.1045585 -115.2827889 1316
@KPBofficial: germany 105 1628822 3357 45.4642035 9.189982 558
@bushido: germany 38 1192873 14364 52.52000659999999 13.404954 3598
@janmeyer: germany 116 782200 5148 0 0 17174
@DeutscheBank: germany 266 682775 11933 50.1109221 8.6821267 11110
@CHIP_online: germany 336 938987 84369 48.1351253 11.5819805 635
@heidiklum: germany 130 5302266 4633 0 0 129
@MSchweighoefer: germany 107 834641 1306 0 0 208
@izziofficial: germany 268 895207 4351 50.937531 6.9602786 11071
@dyzzydyzzy: germany 130 826983 1555 34.2396679 -116.9120492 2535
@beckenbauer: germany 60 1270231 378 0 0 32
@patrickabrar: germany 950 3437164 116 51.165691 10.451526 1
@SPIEGELONLINE: germany 292 2455463 158094 53.5510846 9.9936819 3076
@janboehm: germany 862 1956343 15835 51.165691 10.451526 9499
@ESL: germany 258 869637 27035 44.4870954 26.0246325 4329
@BergmannToGo: germany 317 767102 5829 40.3586878 -77.89506329999999 3462
@Bundesliga_EN: germany 329 739034 103630 50.1109221 8.6821267 1770
@RegSprecher: germany 117 895937 9788 52.52000659999999 13.404954 1
@TomasRincon5: germany 204 705075 1349 45.070312 7.686856499999999 344
@extra3: germany 2029 693371 7669 53.5510846 9.9936819 5275
@TwitterDE: germany 14 2194662 3089 51.165691 10.451526 777
@Taddl: germany 145 1505754 1796 0 0 8544
@ZDF: germany 376 1154365 156907 49.9928617 8.2472526 17261
@wolfblitzer: germany 1144 1419440 9584 38.9071923 -77.0368707 53
@dagibee: germany 152 2029368 16476 51.2277411 6.7734556 25504
@Sturmwaffel: germany 330 734126 9677 0 0 7713
@siggismallz: germany 94 1679578 9981 52.52000659999999 13.404954 12
@saschalobo: germany 4354 719590 5652 0 0 26090
@officiallyjoko: germany 864 2254174 1846 0 0 727
@Lenas_view: germany 554 763096 4743 0 0 5617
@welt: germany 222 1282922 279856 52.52000659999999 13.404954 2080
@Paluten: germany 264 1005347 5529 0 0 12903
@unge: germany 431 2052683 14524 0 0 11942
@BVB: germany 931 3139220 69848 51.5135872 7.465298100000001 7175
@damitdasklaas: germany 786 1805147 4906 52.4986049 13.3917987 1569
@Astro_Alex: germany 102 951516 3990 0 0 346
@Elyas_MBarek: germany 245 929353 2432 0 0 1100
@thisiscro: germany 255 1849902 4057 44.77405 -93.307791 10300
@BILD: germany 558 1684054 176086 52.52000659999999 13.404954 1105
@Gronkh: germany 405 1245950 19661 0 0 1811
@woodyinho: germany 66 2974947 194 51.5135872 7.465298100000001 34
@FelixLaden: germany 242 2133259 8693 0 0 15985
@MarioGoetze: germany 197 4154742 1055 51.5135872 7.465298100000001 674
@zeitonline: germany 33 2034999 131640 53.5546758 10.0242761 1604
@Cheng_Loew: germany 262 700544 10441 50.937531 6.9602786 3857
@BibisBeauty: germany 1513 2074778 12004 50.937531 6.9602786 5959
@marteria: germany 207 832361 1727 0 0 698
@J_Klinsmann: germany 5 932570 938 34.0522342 -118.2436849 5
@dimakoslowski: germany 55 713677 3962 50.937531 6.9602786 5397
@GQMagazine: germany 745 1255692 76828 0 0 6689
@SPIEGEL_EIL: germany 27 1842823 1804 0 0 4
@DFB_Team: germany 233 3250284 18185 50.1109221 8.6821267 372
@MesutOzil1088: germany 82 21307126 1315 52.3555177 -1.1743197 37
@Zedd: germany 303 7827100 30386 51.165691 10.451526 17615
@sternde: germany 375 1310759 113735 53.5510846 9.9936819 2600
@ToniKroos: germany 107 6315002 2034 40.4167754 -3.7037902 2505
@ApeCrime: germany 1 1137323 19 0 0 262
@Julien_Bam: germany 368 1665393 6854 50.937531 6.9602786 15362
@rewinside: germany 300 1317395 14512 50.937531 6.9602786 33172
@BSchweinsteiger: germany 130 4832647 1099 51.165691 10.451526 70
@LeFloid: germany 148 1170182 11588 0 0 2025
@barisatay: germany 2600 1104392 65386 0 0 3064
@julienco_: germany 1178 1479563 7822 50.937531 6.9602786 7240
@Badstuber: germany 209 880832 1138 48.7758459 9.1829321 577
@SZ: germany 412 1431258 108985 48.1351253 11.5819805 511
@xcintakiehlx: germany 1323 3617625 7497 0 0 1052
@Der_Postillon: germany 187 680944 18359 0 0 2762
@mertesacker: germany 238 1548237 414 51.5073509 -0.1277583 55
@HSV: germany 195 699779 24627 53.5510846 9.9936819 531
@JB17Official: germany 124 2266964 2188 48.1351253 11.5819805 6873
@MartinSchulz: germany 3293 681746 4546 0 0 942
@esmuellert_: germany 235 3914447 619 48.1351253 11.5819805 20
@TheRealLiont: germany 874 1158188 17657 42.057845 -87.932651 27893
@oliverpocher: germany 138 779786 146 34.063102 -117.733184 138
@imarleneking: germany 654 864160 31512 38.6324742 -112.1214174 5387
@SamiSlimani: germany 505 916102 54023 0 0 921
@swish41: germany 524 3274641 1501 32.7766642 -96.79698789999999 1314
@halligalli: germany 127 1403922 7260 0 0 4037
@SkySportNewsHD: germany 334 681903 96644 48.1916623 11.6460441 2249
@PAULVANDYK: germany 593 1374716 16549 52.52000659999999 13.404954 4855
@SturmBoxing: germany 97 722859 5269 43.915886 17.679076 31667
@Zombey: germany 293 831550 49805 0 0 6322
@ShirinDavid: germany 22 1394505 6279 33.089546 -91.7629865 23446
@tagesschau: germany 296 2386262 153929 53.5510846 9.9936819 3557
@Bundesliga_DE: germany 40 2092965 77274 50.1109221 8.6821267 1892
@MissesVlog: germany 99 794707 27118 36.8689554 -94.36799599999999 12558
@TheBorisBecker: germany 1039 708857 20429 0 0 7912
@FCBayern: germany 34 4295769 46392 48.1000022 11.5716349 4881
@sex: germany 741016 2029575 1025 52.52000659999999 13.404954 0
@GermanLetsPlay: germany 73 1382516 938 0 0 4070
