@paugasol: 321 7348519 12213 0 0 877
@RafaelNadal: 91 15216687 2585 39.5697165 3.2095318 34
@AlvaroMorata: 904 4135132 2323 0 0 193
@isco_alarcon: 310 4610312 876 36.6034205 -4.5325121 49
@lorenzo99: 711 1666218 11283 0 0 178
@LuzuGames: 99 3015991 14197 0 0 1820
@marca: 1613 4802650 281855 0 0 1120
@El_Hormiguero: 270 2369901 26379 40.4167754 -3.7037902 13608
@FCBarcelona_es: 73 12949826 93269 41.3850639 2.1734035 8
@nachofi1990: 682 1926819 1619 0 0 117
@el_pais: 792 6528254 382719 40.4167754 -3.7037902 1358
@Thiago6: 142 3206817 1749 48.1351253 11.5819805 111
@AnderHerrera: 295 2208565 2189 53.4807593 -2.2426305 205
@officialpepe: 6 3327437 148 0 0 1
@CristiPedroche: 230 2372380 7670 40.4167754 -3.7037902 128
@Berto_Romero: 289 2476952 16611 41.3850639 2.1734035 102
@JeseRodriguez10: 101 2593354 1328 28.1235459 -15.4362574 411
@DANIROVIRA: 282 2998133 14675 0 0 1052
@aarbeloa17: 1071 5631240 4933 40.4167754 -3.7037902 1098
@Guaje7Villa: 638 8646447 2118 0 0 3349
@AnnaSimonMari: 348 2014271 3247 41.5394955 2.216906 46
@mtvspain: 813 3018022 32072 40.4167754 -3.7037902 3979
@Carles5puyol: 371 10848721 2154 42.2477193 0.9675846999999999 210
@ifilosofia: 89799 2459077 53374 40.4167754 -3.7037902 59
@jordievole: 803 3345088 24524 41.3850639 2.1734035 3579
@perezreverte: 909 1947943 32121 40.4167754 -3.7037902 0
@realmadrid: 53 28730706 60247 40.4167754 -3.7037902 5
@diarioas: 1111 2384687 249159 40.4167754 -3.7037902 10161
@enriqueiglesias: 2811 14265211 5343 25.7616798 -80.1917902 504
@_Pedro17_: 185 4555761 606 51.5073509 -0.1277583 26
@rickyrubio9: 230 2840297 3357 41.4805684 2.3147677 161
@AlejandroSanz: 1538 18911170 28341 0 0 10771
@hola: 2812 1703883 150776 40.4167754 -3.7037902 6198
@auronplay: 392 2479046 30695 41.0748188 -73.77513259999999 126290
@19SCazorla: 374 2067725 1190 0 0 893
@vegetta777: 280 5397027 49939 18.819367 -97.5139066 10416
@fifaworldcup_es: 311 1952345 10585 0 0 97
@davidbisbal: 754 10000304 16488 36.834047 -2.4637136 16541
@IkerCasillas: 1732 7875065 3066 0 0 7332
@mario_casas_: 274 1857540 2212 0 0 34
@aLexBY11: 107 4411470 22441 40.4167754 -3.7037902 427
@BBVAworld: 377 2721602 90103 0 0 273
@_danielmartin_: 3179 1921912 29809 0 0 2218
@2010MisterChip: 499 2575284 110898 0 0 732
@Rafinha: 255 2053035 1646 41.3850639 2.1734035 118
@pabloalboran: 2243 3717448 19329 0 0 35668
@Rubiu5: 665 10768207 23347 40.4242397 -3.6877558 0
@Wismichu: 468 2530541 55559 40.7837322 -85.8176944 18232
@DaniCarvajal92: 360 3010314 2143 40.4167754 -3.7037902 1153
@_MaluOficial_: 252 2509990 4678 0 0 510
@juanmata8: 567 7345375 2617 0 0 437
@D_DeGea: 192 10211394 1860 0 0 366
@mangelrogel: 781 5277151 46257 0 0 8863
@SSantiagosegura: 1134 3486720 50382 0 0 15240
@A3Noticias: 395 1671180 184257 0 0 9
@MelendiOficial: 239 1769957 13143 40.46366700000001 -3.74922 5519
@Pontifex_es: 8 15842306 1408 41.902916 12.453389 0
@flofdezz: 206 1706763 10323 40.4167754 -3.7037902 558
@elmundoes: 1348 3074912 173027 40.4167754 -3.7037902 2573
@Pablo_Iglesias_: 2521 2274245 17114 40.4167754 -3.7037902 6247
@Torres: 169 3609321 881 0 0 165
@marcmarquez93: 237 2348126 3386 0 0 1049
@AbrahamMateo: 269 2827292 23148 36.4718646 -6.196594800000001 11209
@SergiRoberto10: 635 2005094 2394 41.1474887 1.1652812 878
@fifacom_es: 384 4523963 47429 0 0 142
@danimartinezweb: 567 2553494 26532 40.46366700000001 -3.74922 179
@SeFutbol: 203 2006658 29918 40.46366700000001 -3.74922 2472
@taniarin: 1166 2262682 16265 0 0 3948
@3gerardpique: 557 17582939 2521 41.3850639 2.1734035 114
@LaLiga: 813 3380746 95821 0 0 6603
@MarcBartra: 692 2582008 2757 41.3850639 2.1734035 2449
@alo_oficial: 91 2547339 6054 0 0 235
@ActualidadRT: 77 2840299 438263 0 0 24
@LuzuVlogs: 181 3411227 17921 34.0522342 -118.2436849 981
@Cosmopolitan_es: 1196 1924735 74408 40.4167754 -3.7037902 1149
@ristomejide: 1379 2869033 27989 0 0 2549
@CesarAzpi: 199 1776532 669 51.5073509 -0.1277583 85
@ctello91: 225 1947677 916 0 0 234
@_anapastor_: 701 2002437 102229 0 0 11509
@muyinteresante: 581 8366229 133651 40.46366700000001 -3.74922 3681
@realmadriden: 52 9428064 34705 40.4167754 -3.7037902 112
@Atleti: 56 3824698 52541 40.4363642 -3.5995861 0
@mundodeportivo: 966 2403131 256758 0 0 1373
@JordiAlba: 279 2062852 515 41.3850639 2.1734035 108
@Buenafuente: 1884 3610679 12960 41.3850639 2.1734035 251
@policia: 0 3103386 23446 40.46366700000001 -3.74922 26486
@FCBarcelona_cat: 72 5687977 82874 41.3850639 2.1734035 9
@WillyrexYT: 226 5056801 33985 40.46366700000001 -3.74922 5806
@cesc4official: 158 9729053 3460 51.5073509 -0.1277583 112
@XabiAlonso: 527 11672689 590 0 0 643
@FCBarcelona: 72 27128936 92418 41.3850639 2.1734035 991
@SergioRamos: 727 13791185 3484 40.4167754 -3.7037902 38
@GUTY14HAZ: 142 1745724 9049 40.4167754 -3.7037902 1013
@BoseOfficial: 133 2812784 2492 40.4167754 -3.7037902 1509
@ElJuanpaZurita: 2781 4251618 19361 32.0615029 -116.6475803 28393
@21LVA: 241 3706486 774 53.4807593 -2.2426305 20
@VogueSpain: 373 2723144 48908 40.46366700000001 -3.74922 69
@andresiniesta8: 74 21146355 1646 41.3850639 2.1734035 10
@TownGamePlay: 299 2497336 101505 40.46366700000001 -3.74922 90757
@llorentefer19: 541 2069395 1113 51.5073509 -0.1277583 221
