@BarackObama: united_states 625349 99311851 15493 38.9071923 -77.0368707 10
@VictoriaJustice: united_states 1928 10801577 20271 0 0 1935
@MileyCyrus: united_states 384 38943252 9267 0 0 270
@SarahKSilverman: united_states 1038 12435463 10510 31.952162 35.233154 10610
@KendallJenner: united_states 129 25970027 9152 30.0649035 -90.4763981 4084
@PlayStation: united_states 799 15254889 25796 36.778261 -119.4179324 1159
@ArianaGrande: united_states 64895 57078563 40416 28.7390864 -81.86909039999999 32574
@xtina: united_states 24 17066435 1012 0 0 28
@aplusk: united_states 773 19034867 9794 34.0522342 -118.2436849 455
@TheRock: united_states 192 12443244 20694 0 0 128
@JLo: united_states 1734 44798772 12355 40.8447819 -73.8648268 6583
@Eminem: united_states 0 22398893 726 42.331427 -83.0457538 0
@funnyordie: united_states 6391 14378005 27036 34.0928092 -118.3286614 15955
@WSJ: united_states 1101 15428224 230237 40.7127753 -74.0059728 1291
@jtimberlake: united_states 260 65041447 3787 35.1495343 -90.0489801 50
@kelly_clarkson: united_states 75 12273305 6562 31.9685988 -99.9018131 82
@LilTunechi: united_states 48 33353648 1795 32.3593117 -95.7257968 13
@selenagomez: united_states 1260 56241946 4339 34.0522342 -118.2436849 167
@StephenAtHome: united_states 16 17341581 5430 0 0 8
@azizansari: united_states 0 11226349 7622 40.7127753 -74.0059728 422
@Beyonce: united_states 10 15172744 10 0 0 0
@ddlovato: united_states 551 54270040 16620 32.7831439 -96.79749179999999 1953
@iamwill: united_states 1432 13601411 7536 0 0 124
@ShawnMendes: united_states 59868 17020912 14062 0 0 6450
@danieltosh: united_states 131 27581285 13670 42.4386349 -83.85763299999999 2
@chrisbrown: united_states 1 26321921 3980 0 0 624
@BigSean: united_states 2233 14352395 20412 42.331427 -83.0457538 15554
@Starbucks: united_states 98378 11943835 123860 47.6062095 -122.3320708 13787
@maroon5: united_states 450 14976158 5272 34.0522342 -118.2436849 2904
@Zendaya: united_states 1749 12110710 58263 0 0 29386
@ladygaga: united_states 128219 76436714 8664 0 0 1844
@charliesheen: united_states 174 12313323 2243 0 0 955
@nickjonas: united_states 692 13194960 4411 34.0522342 -118.2436849 5328
@TheOnion: united_states 15 11040438 57135 0 0 1
@KimKardashian: united_states 131 58441892 25619 0 0 4
@TreySongz: united_states 3638 13365552 13601 0 0 628
@JimCarrey: united_states 1 17446631 4226 34.0522342 -118.2436849 9
@nytimes: united_states 886 40943724 306781 40.7127753 -74.0059728 16103
@Pharrell: united_states 1028 10805401 4356 0 0 1385
@TheEllenShow: united_states 35948 76971493 15846 36.778261 -119.4179324 707
@aliciakeys: united_states 689 30298933 7338 40.7127753 -74.0059728 220
@LeoDiCaprio: united_states 147 19066632 1142 34.0522342 -118.2436849 40
@johnlegend: united_states 837 11545248 11808 0 0 7855
@TEDTalks: united_states 544 10927002 25736 40.7127753 -74.0059728 4134
@camerondallas: united_states 12329 15740770 37338 34.0736204 -118.4003563 36096
@kourtneykardash: united_states 68 23554703 12474 0 0 2092
@ParisHilton: united_states 6902 17739066 29030 0 0 14150
@jimmykimmel: united_states 577 10971473 5083 34.0522342 -118.2436849 7326
@tomhanks: united_states 25 15084115 826 34.0522342 -118.2436849 0
@neiltyson: united_states 43 11369235 5676 40.7127753 -74.0059728 0
@KDTrey5: united_states 1457 17415997 23170 0 0 91
@KylieJenner: united_states 1162 24024886 12430 0 0 226
@POTUS44: united_states 79 15231654 352 38.9071923 -77.0368707 3
@tyrabanks: united_states 1103 15165857 8067 0 0 8878
@ConanOBrien: united_states 1 28045314 3275 34.0522342 -118.2436849 0
@SHAQ: united_states 689 14989199 9008 0 0 70
@ashleytisdale: united_states 222 14051055 8569 0 0 4696
@britneyspears: united_states 388510 56662381 5368 34.0522342 -118.2436849 2490
@SportsCenter: united_states 1660 35510647 101191 41.67176480000001 -72.9492703 1158
@taylorswift13: united_states 0 85815004 83 0 0 115
@blakeshelton: united_states 712 20858599 10574 34.2362054 -96.67861309999999 150
@jimmyfallon: united_states 7793 50392803 10381 36.1023715 -115.1745559 60
@kobebryant: united_states 358 13455453 1395 0 0 22
@StephenCurry30: united_states 719 11852995 6854 36.153315 -95.971261 579
@ABC: united_states 734 13337721 193778 40.7421084 -73.9855718 462
@pitbull: united_states 2680 26980895 7470 25.7616798 -80.1917902 1093
@washingtonpost: united_states 1457 11955312 254528 38.9071923 -77.0368707 4524
@ZacEfron: united_states 105 15852807 1676 0 0 1193
@AP: united_states 7221 12282395 200367 33.969435 -84.2619169 1261
@SethMacFarlane: united_states 423 14051829 7672 34.0522342 -118.2436849 1
@NBA: united_states 1674 27223224 186367 0 0 265
@HillaryClinton: united_states 770 21453024 10038 40.7127753 -74.0059728 1163
@NASA: united_states 270 28078433 50278 0 0 2944
@billmaher: united_states 42 10711027 3795 34.0522342 -118.2436849 17
@Oprah: united_states 288 41370862 12371 0 0 149
@KingJames: united_states 176 40465776 5688 0 0 89
@KevinHart4real: united_states 554 35156006 35525 39.9675162 -75.1760731 85
@JohnCena: united_states 2493 10887105 5590 42.8014795 -70.989778 6
@enews: united_states 120119 11963752 209874 34.0928092 -118.3286614 29384
@voguemagazine: united_states 528 13627899 85531 40.7127753 -74.0059728 5871
@khloekardashian: united_states 307 25725190 56701 0 0 140
@katyperry: united_states 204 108412149 8819 0 0 5947
@Diddy: united_states 1840 14287548 39798 40.7127753 -74.0059728 4157
@wizkhalifa: united_states 829 32971360 43724 40.446562 -79.992179 53
@Ludacris: united_states 321 12132443 20324 33.7489954 -84.3879824 33
@NICKIMINAJ: united_states 4888 21264450 39607 40.744627 -73.98771599999999 64946
@Usher: united_states 574 12794044 5658 0 0 1191
@NFL: united_states 2491 24519659 161653 0 0 1257
@Pink: united_states 450 32092711 6801 34.0522342 -118.2436849 424
@MarcAnthony: united_states 750 11158242 6471 0 0 764
@SnoopDogg: united_states 2737 17837114 40641 32.9139184 -117.130469 2269
@FoxNews: united_states 411 16998853 356037 37.09024 -95.712891 0
@BillGates: united_states 183 43498955 2571 47.6062095 -122.3320708 37
@mindykaling: united_states 819 11471338 16817 34.0522342 -118.2436849 19483
@ObamaWhiteHouse: united_states 231 13933582 28385 38.9071923 -77.0368707 0
@justinbieber: united_states 317043 105285271 30639 0 0 3447
@BrunoMars: united_states 109 40180126 4174 0 0 222
@ActuallyNPH: united_states 124 27721789 2831 40.752493 -73.988878 185
@RyanSeacrest: united_states 561 17014806 13707 34.0522342 -118.2436849 753
@MariahCarey: united_states 93 20440243 7630 0 0 945
