@stanzaselvaggia: italy 1506 823593 19177 45.4642035 9.189982 28817
@RamazzottiEros: italy 123 902855 3803 41.87194 12.56738 111
@mengonimarco: italy 159 1735805 15566 0 0 953
@Negramaro: italy 6365 1199613 22772 0 0 38023
@m_hunziker: italy 218 2193577 1235 41.87194 12.56738 1634
@sscnapoli: italy 93 1309311 29628 40.8517746 14.2681244 255
@Gazzetta_it: italy 270 1693331 234418 41.87194 12.56738 4244
@BoseOfficial: italy 132 2823923 2518 40.4167754 -3.7037902 1536
@AmorosoOF: italy 209 1496155 11437 41.87194 12.56738 5129
@mtvitalia: italy 1307 1138429 63545 41.87194 12.56738 17464
@OfficialASRoma: italy 546 1546037 54829 41.9027835 12.4963655 980
@lodocomello: italy 862 1213479 18199 0 0 1719
@reportrai3: italy 9440 1257351 9099 0 0 148
@lorenzojova: italy 997 3927421 14197 0 0 8908
@OfficialMonto: italy 159 917599 1031 45.4642035 9.189982 624
@MarroneEmma: italy 738 2449681 11099 0 0 1742
@EnzoZelocchi: italy 131 1967125 217 34.0522342 -118.2436849 156
@triomedusa: italy 1397 1097486 17267 41.87194 12.56738 767
@elisatoffoli: italy 285 1123683 4836 0 0 1386
@msderossi: italy 545 1649345 35779 39.712661 -104.9873097 2207
@frafacchinetti: italy 142278 1275082 19525 46.8500398 -114.0144184 10717
@Gerry_Scotti: italy 202 1324117 8108 0 0 7
@LucaBizzarri: italy 727 1509157 7935 0 0 624
@Agenzia_Ansa: italy 185 933744 132862 41.9000406 12.4844516 25
@carmelitadurso: italy 1166 816304 14269 0 0 158
@Radio105: italy 2370 1467216 44551 45.4642035 9.189982 16358
@delpieroale: italy 48 2466104 8292 41.87194 12.56738 129
@MediasetTgcom24: italy 975 944354 118887 0 0 625
@andreabarzagli2: italy 54 811619 352 45.070312 7.686856499999999 43
@fabiocannavaro: italy 385 1438213 3368 41.87194 12.56738 465
@SkyTG24: italy 325 2987278 179424 0 0 173
@LauraPausini: italy 1744 3283126 13542 41.87194 12.56738 10679
@FabriFibra: italy 23 1154514 5831 0 0 422
@AstroSamantha: italy 849 996409 9850 54.5259614 15.2551187 6268
@Simo_Ventura: italy 1080 1095396 11451 0 0 8960
@matteorenzi: italy 614 3346223 6361 41.87194 12.56738 1
@lapinella: italy 479 1661410 4755 0 0 80
@BRUNOIERULLO: italy 6579 3568455 1016 43.6576537 -79.3673882 1224
@Internazionale: italy 346 1156573 69843 41.9027835 12.4963655 75
@Fiorello: italy 2301 1296912 14810 0 0 174
@RudyZerbi: italy 1826 857863 15805 0 0 30636
@fattoquotidiano: italy 7431 1884412 116054 0 0 1212
@radiodeejay: italy 629 2372602 38772 41.87194 12.56738 4009
@milanmiracle: italy 631 1152960 2815 0 0 1870
@RaiNews: italy 344 949330 193405 41.87194 12.56738 300
@FabioDeLuigi: italy 1079 932276 1573 0 0 477
@Corriere: italy 294 2035356 281808 45.4642035 9.189982 3317
@XFactor_Italia: italy 253 1258061 21063 41.87194 12.56738 5101
@beppesevergnini: italy 264 1137204 7547 41.87194 12.56738 2
@spinozait: italy 52 1629368 3582 0 0 10
@Fabiovoloo: italy 197 1615602 7354 0 0 37
@AmiciUfficiale: italy 265 934814 80729 41.9027835 12.4963655 7160
@OfficialEl92: italy 75 1519989 849 41.9027835 12.4963655 16
@Pirlo_official: italy 14 2666850 299 0 0 76
@NicoSavi: italy 537 1844591 15559 45.4642035 9.189982 8191
@alecattelan: italy 430 1086969 16603 42.4548197 -83.42541240000001 1110
@casaleantonio: italy 389 1061787 32099 4.710988599999999 -74.072092 5857
@JustElisabetta: italy 355 1578887 12789 34.0299852 -118.1178929 6855
@Fedez: italy 745 1950528 9930 45.4642035 9.189982 28378
@CrozzaTweet: italy 71 1347614 6642 45.49285 9.240019 4150
@Inter: italy 64 1546955 69819 45.4642035 9.189982 696
@sole24ore: italy 512 1293541 89065 0 0 847
@sattamelissa: italy 276 1592161 8283 45.4642035 9.189982 2223
@jaxofficial: italy 496 2168210 10640 45.4642035 9.189982 469
@lauraboldrini: italy 4202 817499 7091 0 0 11183
@SerieA_TIM: italy 80 1126109 46379 0 0 2612
@EzioGreggio: italy 720 1149199 8339 0 0 19616
@marcotravaglio: italy 112 1525131 2385 45.070312 7.686856499999999 28
@beppe_grillo: italy 366 2518634 75046 44.4056499 8.946256 320
@chiellini: italy 256 2325990 6127 45.070312 7.686856499999999 208
@MrAncelotti: italy 16 2338860 393 0 0 11
@acmilan: italy 44 6469570 45237 0 0 852
@TizianoFerro: italy 115 1311185 782 41.87194 12.56738 303
@_ruggero: italy 998 1274997 13302 0 0 3459
@GiuseppeRossi22: italy 276 966007 13841 0 0 543
@PromoMusic_it: italy 2356 939252 18045 45.4642035 9.189982 1103
@repubblica: italy 281 2810053 450612 41.9027835 12.4963655 60
@CremoniniCesare: italy 1124 1163237 11661 44.494887 11.3426162 19209
@DiMarzio: italy 1513 848009 182192 45.4642035 9.189982 22166
@GiGiHadid: italy 583 8472170 15905 0 0 4581
@juventusfcen: italy 55 870790 45319 48.2187997 11.6247072 723
@FinallyMario: italy 68 3877853 1162 0 0 30
@Pontifex_it: italy 8 4842682 1434 41.902916 12.453389 0
@AndreaDipre: italy 1069 1782052 4921 0 0 1988
@gianluigibuffon: italy 112 3050447 3473 0 0 383
@NaliOfficial: italy 349 842812 4874 0 0 9212
@RDS_official: italy 431 869666 18447 41.87194 12.56738 4949
@redazioneiene: italy 47 2181108 10953 45.4642035 9.189982 1400
@bonucci_leo19: italy 249 1488771 3786 0 0 663
@SkySport: italy 1089 2327852 253111 45.4642035 9.189982 4853
@ScuderiaFerrari: italy 34 2061331 44241 44.5263024 10.8666834 1926
@LaStampa: italy 329 987083 310447 45.070312 7.686856499999999 1170
@leonardopieracc: italy 546 1178422 3800 43.7695604 11.2558136 435
@ClaMarchisio8: italy 481 1930189 3778 0 0 14177
@Nesta: italy 476 851721 615 41.9626993 12.0789693 105
@robertosaviano: italy 864 1678354 8108 0 0 0
@vogue_italia: italy 26 1131549 35880 0 0 357
@ligabue: italy 5 2247980 3365 44.7708574 10.7819083 221
@ValeYellow46: italy 313 5543217 3974 41.87194 12.56738 1287
@juventusfc: italy 57 5845778 66307 48.2187997 11.6247072 2658
