@BarackObama: united_states 625349 99312075 15493 38.9071923 -77.0368707 10
@esmuellert_: germany 235 3908001 614 48.1351253 11.5819805 17
@BillGates: united_states 183 43499253 2571 47.6062095 -122.3320708 37
@BRUNOIERULLO: italy 6555 3566356 1016 43.6576537 -79.3673882 1199
@heidiklum: germany 130 5292202 4628 0 0 129
@paulpogba: france 15 4637442 589 0 0 23
@premierleague: united_kingdom 77 17098261 88018 0 0 915
@juventusfc: italy 57 5839488 66097 48.2187997 11.6247072 2653
@realmadrid: spain 53 28787742 60349 40.4167754 -3.7037902 5
@Zedd: germany 303 7816175 30362 51.165691 10.451526 17557
@gadelmaleh: france 1114 7873686 5208 0 0 2598
@jk_rowling: united_kingdom 550 13975886 9630 56.49067119999999 -4.2026458 19008
@CalvinHarris: united_kingdom 3538 13283835 673 0 0 4792
@SergioRamos: spain 727 13822047 3486 40.4167754 -3.7037902 38
@PSG_inside: france 103 6087819 46611 48.8414356 2.2530487 104
@zaynmalik: united_kingdom 2259 26407471 3416 34.0522342 -118.2436849 378
@Benzema: france 64 7782634 1499 0 0 156
@xSqueeZie: france 413 4927136 15939 48.856614 2.3522219 1267
@delpieroale: italy 48 2462906 8290 41.87194 12.56738 126
@MarioGoetze: germany 197 4149323 1053 51.5135872 7.465298100000001 674
@davidbisbal: spain 756 10004038 16508 36.834047 -2.4637136 16706
@GiGiHadid: italy 584 8441189 15904 0 0 4582
@D_DeGea: spain 192 10221597 1862 0 0 367
@FCBayern: germany 34 4287076 46339 48.1000022 11.5716349 4877
@3gerardpique: spain 557 17636357 2522 41.3850639 2.1734035 114
@Cyrilhanouna: france 4638 5989645 7507 48.856614 2.3522219 15
@lafouine78: france 2421 4585451 19978 48.7788742 2.0036815 4
@ValeYellow46: italy 313 5541462 3971 41.87194 12.56738 1287
@AntoGriezmann: france 3 4937062 2528 40.4167515 -3.7038322 1541
@LauraPausini: italy 1741 3271677 13500 41.87194 12.56738 10412
@TF1: france 827 5189411 46159 48.8396952 2.2399123 851
@MPokora: france 529 6143642 19910 48.856614 2.3522219 930
@Pontifex_it: italy 8 4837632 1426 41.902916 12.453389 0
@matteorenzi: italy 614 3342060 6361 41.87194 12.56738 0
@repubblica: italy 277 2807331 448403 41.9027835 12.4963655 60
@Oprah: united_states 288 41370897 12371 0 0 149
@nytimes: united_states 886 40943805 306782 40.7127753 -74.0059728 16103
@swish41: germany 524 3271515 1500 32.7766642 -96.79698789999999 1308
@KingJames: united_states 176 40465846 5688 0 0 89
@beppe_grillo: italy 365 2517419 75082 44.4056499 8.946256 320
@Reuters: united_kingdom 1067 19310811 240737 40.7526431 -73.9888854 810
@katyperry: united_states 204 108412257 8819 0 0 5947
@MrAncelotti: italy 16 2337730 393 0 0 11
@xcintakiehlx: germany 1323 3620476 7489 0 0 1045
@JB17Official: germany 124 2263379 2181 48.1351253 11.5819805 6862
@BrunoMars: united_states 109 40180380 4174 0 0 222
@FCBarcelona_es: spain 70 12985216 93395 41.3850639 2.1734035 8
@BBCWorld: united_kingdom 85 22437140 272125 51.5073509 -0.1277583 9
@Guaje7Villa: spain 640 8657499 2122 0 0 3358
@GarethBale11: united_kingdom 113 16184963 1322 0 0 46
@FCBarcelona: spain 71 27229861 92562 41.3850639 2.1734035 1015
@victoriabeckham: united_kingdom 56 13060850 3371 51.5073509 -0.1277583 101
@Pontifex_es: spain 8 15890974 1421 41.902916 12.453389 0
@LiamPayne: united_kingdom 16534 31425209 10045 55.378051 -3.435973 865
@NormanDesVideos: france 906 7134859 5382 48.856614 2.3522219 3672
@tagesschau: germany 295 2382233 153654 53.5510846 9.9936819 3556
@AlejandroSanz: spain 1561 18943656 28369 0 0 10964
@Louis_Tomlinson: united_kingdom 3826 32364493 6388 53.52282 -1.128462 207
@coldplay: united_kingdom 1515 25490842 7235 38.3986939 -82.468766 868
@raphaelvarane: france 87 4431543 1083 0 0 34
@taylorswift13: united_states 0 85815021 83 0 0 115
@onedirection: united_kingdom 3911 31794985 9899 51.5073509 -0.1277583 301
@realmadriden: spain 52 9444526 34802 40.4167754 -3.7037902 112
@stephenfry: united_kingdom 50415 13040150 22632 33.9415889 -118.40853 384
@jtimberlake: united_states 260 65041535 3787 35.1495343 -90.0489801 50
@BBCBreaking: united_kingdom 3 36793049 33775 51.5073509 -0.1277583 0
@DebbouzeJamel: france 495 7406384 5339 0 0 4763
@davidguetta: france 270 22161772 4179 0 0 2088
@Adele: united_kingdom 156 28943388 301 51.5073509 -0.1277583 0
@KimKardashian: united_states 131 58441971 25619 0 0 4
@gianluigibuffon: italy 112 3049743 3469 0 0 381
@radiodeejay: italy 629 2371589 38702 41.87194 12.56738 4004
@muyinteresante: spain 586 8366962 134021 40.46366700000001 -3.74922 3682
@MisterVonline: france 602 4568832 13415 45.188529 5.724524 1521
@Pirlo_official: italy 14 2661649 297 0 0 76
@MarroneEmma: italy 736 2447120 11051 0 0 1656
@XabiAlonso: spain 527 11679327 590 0 0 643
@acmilan: italy 44 6456837 45191 0 0 854
@BoseOfficial: italy 132 2817429 2502 40.4167754 -3.7037902 1517
@naosejatrouxa: france 152251 4510910 52353 0 0 84
@Carles5puyol: spain 371 10854039 2155 42.2477193 0.9675846999999999 209
@BVB: germany 928 3134717 69760 51.5135872 7.465298100000001 7174
@lorenzojova: italy 997 3925114 14183 0 0 8859
@BSchweinsteiger: germany 130 4825452 1096 51.165691 10.451526 69
@MonsieurDream: france 561 8125797 13656 48.856614 2.3522219 6
@woodyinho: germany 66 2972744 193 51.5135872 7.465298100000001 34
@selenagomez: united_states 1260 56242003 4339 34.0522342 -118.2436849 167
@edsheeran: united_kingdom 0 20397586 29301 51.5073509 -0.1277583 14
@SPIEGELONLINE: germany 292 2451888 157863 53.5510846 9.9936819 3069
@lequipe: france 1755 4988856 171365 46.227638 2.213749 402
@cesc4official: spain 158 9735404 3464 51.5073509 -0.1277583 112
@FinallyMario: italy 68 3878297 1162 0 0 30
@DFB_Team: germany 233 3246558 18162 50.1109221 8.6821267 372
@justinbieber: united_states 317043 105285368 30639 0 0 3447
@MesutOzil1088: germany 82 21265748 1311 52.3555177 -1.1743197 37
@ddlovato: united_states 551 54270185 16620 32.8521257 -96.7684805 1953
@MileyCyrus: united_states 384 38943330 9267 0 0 270
@patrickabrar: germany 914 3446570 116 51.165691 10.451526 1
@ToniKroos: germany 107 6304567 2030 40.4167754 -3.7037902 2498
@ManUtd: united_kingdom 105 16922952 43487 53.4807593 -2.2426305 1107
@ladygaga: united_states 128219 76436779 8664 0 0 1844
@WayneRooney: united_kingdom 444 16969241 2244 0 0 820
@lemondefr: france 514 7736844 253610 48.856614 2.3522219 854
@britneyspears: united_states 388510 56662448 5368 34.0522342 -118.2436849 2490
@TheEllenShow: united_states 35948 76971573 15846 36.778261 -119.4179324 707
@jimmyfallon: united_states 7793 50392877 10381 36.1023715 -115.1745559 60
@EmmaWatson: united_kingdom 383 28330038 1613 0 0 1003
@Manuel_Neuer: germany 48 4039849 157 0 0 8
@kevadamsss: france 762 6239240 11820 42.15393419999999 -85.47277439999999 2864
@enriqueiglesias: spain 2812 14287986 5349 25.7616798 -80.1917902 504
@TwitterDE: germany 14 2195000 3091 51.165691 10.451526 777
@ArianaGrande: united_states 64895 57078672 40416 28.7390864 -81.86909039999999 32574
@andresiniesta8: spain 75 21215442 1653 41.3850639 2.1734035 10
@RafaelNadal: spain 91 15231670 2592 39.5697165 3.2095318 44
@Rubiu5: spain 663 10794891 23355 40.4242397 -3.6877558 0
@Harry_Styles: united_kingdom 2043 31660967 5404 0 0 77
@SkyTG24: italy 325 2984188 178967 0 0 173
@officiallyjoko: germany 862 2252935 1845 0 0 727
@IkerCasillas: spain 1732 7891011 3072 0 0 7349
@JLo: united_states 1734 44798857 12355 40.8447819 -73.8648268 6583
