@JeanLucLemoine: france 1354 1920987 13439 48.856614 2.3522219 238
@Nabilla: france 675 2672233 13452 48.856614 2.3522219 138050
@KarlLagerfeld: france 62 1494380 1976 48.856614 2.3522219 1514
@PierreMenes: france 416 2434286 48720 0 0 781
@BFMTV: france 486 2314508 262640 46.227638 2.213749 124
@xSqueeZie: france 413 4927194 15939 48.856614 2.3522219 1267
@jeromejarre: france 9686 1657403 17976 0 0 93810
@VibePositiva: france 186 2300935 34952 0 0 192
@TF1: france 827 5189429 46159 48.8396952 2.2399123 851
@afpfr: france 1384 2963949 329597 48.856614 2.3522219 0
@CamilleCombal: france 527 1696579 15755 48.856614 2.3522219 415
@Benzema: france 64 7782755 1499 0 0 156
@TheVoice_TF1: france 786 1478600 16181 0 0 1020
@mamadousakho: france 310 1389157 1062 43.106456 -76.21770459999999 103
@JLMelenchon: france 5110 1759070 24953 46.227638 2.213749 2323
@MonsieurDream: france 561 8125748 13657 48.856614 2.3522219 6
@GIRACKENDJI: france 2943 1531290 3273 48.890707 2.3421222 1856
@fhollande: france 1543 2115197 4901 46.227638 2.213749 0
@AntoGriezmann: france 3 4937095 2528 40.4167515 -3.7038322 1541
@alejodorowsky: france 73 1828292 96447 0 0 77
@jeremstar: france 12 1985833 135810 0 0 55138
@palmashow: france 206 1376050 2625 0 0 499
@Sopranopsy4: france 24 2502574 9616 43.296482 5.36978 589
@rolandgarros: france 484 1999898 34833 48.856614 2.3522219 5236
@France24_fr: france 1366 2650271 121516 48.856614 2.3522219 443
@MPokora: france 529 6143713 19910 48.856614 2.3522219 930
@SamNasri19: france 82 2706188 545 37.3890924 -5.9844589 3
@ThierryHenry: france 54 2128089 392 0 0 0
@lemondefr: france 514 7736910 253615 48.856614 2.3522219 854
@naosejatrouxa: france 152251 4510978 52353 0 0 84
@MalikBentalha: france 2098 1939988 13528 0 0 16043
@Hugotoutseul: france 839 1696058 4967 48.856614 2.3522219 853
@cauetofficiel: france 3231 2830733 73016 46.227638 2.213749 2249
@max_boublil: france 282 1481180 6186 46.227638 2.213749 242
@RFI: france 617 1709007 222082 48.856614 2.3522219 2518
@KathieLGifford: france 1183 1405164 19729 0 0 12046
@equipedefrance: france 452 3467870 46064 48.856614 2.3522219 386
@AFP: france 559 1386324 145699 46.227638 2.213749 738
@OL: france 1173 1477550 41983 45.764043 4.835659 2699
@davidguetta: france 270 22161799 4179 0 0 2088
@Arthur_Officiel: france 6471 2151312 11023 34.2331373 -102.4107493 4400
@ObispoPascal: france 1001285 1421016 6021 0 0 51
@kenzafarah: france 35 1379419 46668 0 0 290
@JohnnySjh: france 742 1777272 5088 0 0 1132
@ECavaniOfficial: france 51 1580072 1668 -31.3854988 -57.9600793 6
@b_giabiconi: france 8115 1690198 21168 0 0 1220
@OM_Officiel: france 118 2826212 77405 43.296482 5.36978 19
@NRJ12lachaine: france 882 2992451 57934 48.856614 2.3522219 2183
@SemounElie: france 52 1674863 5284 48.856614 2.3522219 651
@TPMP: france 1895 3293731 70833 45.4344528 -73.6771377 1439
@raphaelvarane: france 87 4431596 1083 0 0 34
@JPGaultier: france 778 1531678 5951 48.856614 2.3522219 194
@NicolasSarkozy: france 15624 2127040 9601 48.856614 2.3522219 16
@MichaelYoun: france 430 2569423 5260 48.856614 2.3522219 82
@lequipe: france 1755 4988880 171366 46.227638 2.213749 402
@DebbouzeJamel: france 495 7406419 5339 0 0 4763
@_OlivierGiroud_: france 69 2225776 725 51.5073509 -0.1277583 113
@OmarSy: france 359 2978938 7971 48.856614 2.3522219 9372
@Paris: france 2206 1994754 25072 48.856614 2.3522219 1556
@viedemerde: france 115 2419903 60166 48.856614 2.3522219 1028
@NormanDesVideos: france 906 7134923 5382 48.856614 2.3522219 3672
@gadelmaleh: france 1114 7873679 5208 0 0 2598
@shymofficiel: france 284 2991380 15975 48.856614 2.3522219 1109
@TalOfficial: france 11069 2328478 20893 48.856614 2.3522219 2727
@VogueParis: france 0 2538184 90849 0 0 6
@MisterVonline: france 602 4568872 13415 45.188529 5.724524 1521
@amel_bent: france 720 2836044 7635 0 0 266
@Anne_Hidalgo: france 17128 1374522 61913 48.856614 2.3522219 5270
@FRANCE24: france 453 2967805 297902 48.856614 2.3522219 823
@nikosaliagas: france 57900 1711280 126774 0 0 22429
@paulpogba: france 15 4637492 589 0 0 23
@Amelie_Officiel: france 894 1739375 22387 0 0 9192
@LeTour: france 664 2939118 24099 0 0 249
@tonyparker: france 120 2215125 2368 41.1152837 -83.16510939999999 78
@M6: france 381 3082486 46778 46.227638 2.213749 1270
@GhoulamFaouzi: france 103 1509774 925 0 0 3087
@20Minutes: france 1470 2329400 250550 48.856614 2.3522219 462
@Le_Figaro: france 569 2879273 386279 46.227638 2.213749 2503
@France2tv: france 1303 2406528 33492 48.856614 2.3522219 3970
@libe: france 196 2769864 141616 48.856614 2.3522219 999
@NRJhitmusiconly: france 2028 3761529 76569 46.227638 2.213749 4072
@kevadamsss: france 762 6239291 11820 42.15393419999999 -85.47277439999999 2864
@Mdelormeau: france 7526 2223705 21392 48.856614 2.3522219 133
@Seb_Frit: france 700 1487890 13175 46.227638 2.213749 43853
@enjoyphoenix: france 800 1597415 14389 0 0 8724
@Elysee: france 269 1972032 22516 46.227638 2.213749 14
@dubosc_franck: france 33 1905341 9322 0 0 10
@TwitterFrance: france 51 3273554 1760 48.856614 2.3522219 161
@PSG_inside: france 103 6087863 46611 48.8414356 2.2530487 104
@EmmanuelMacron: france 671 2665577 5695 46.227638 2.213749 7
@le_Parisien: france 910 2018650 226251 0 0 457
@Cyrilhanouna: france 4638 5989698 7507 48.856614 2.3522219 15
@mediapart: france 1537 2251137 72762 48.856614 2.3522219 1208
@lafouine78: france 2421 4585462 19978 48.776731 2.001844 4
@MLP_officiel: france 4157 2022466 15867 46.227638 2.213749 234
@Rue89: france 250 1585474 47049 48.856614 2.3522219 59
@MATUIDIBlaise: france 89 2378896 986 48.856614 2.3522219 66
@booba: france 32 4300166 4080 0 0 471
@LeVraiHoroscope: france 127 2846934 37659 0 0 433
@canalplus: france 998 2946860 53693 0 0 6119
